2.7602612084312503
3.932457449698991
3.93531994854765
3.099536390115981
0.7007354335556069
0.6683771650105708
0.6474418261801138
0.6211189186101406
0.5982262239278237
0.5430513106781254
0.5250513412007839
0.49561388697939157
0.46494811041932216
0.44629094723005913
0.44332166949165047
0.4004981519546706
0.39197280170277715
3.2386257710832687
3.1811581802990787
3.8062001886897123
0.7616143722912136
0.7563440707767679
0.7510434430050398
0.7473331777989197
1.082898577760201
0.7938444280585902
0.8324410358675873
0.3898310961401405
0.5426802285497433
0.5065945397180991
0.7544420073492655
0.7783087123521517
0.7501326109197969
0.5568677401948329
0.7570118611259425
0.7548874614377963
0.5284171434123857
0.7649281976059891
0.5826906833170815
0.146444219111314
0.3468558615788855
0.45701191459691204
0.7599018056716131
0.34397446775412227
0.7612106752145819
0.5262697674850464
0.7608033835835141
0.5104698817717864
0.4338456815766495
0.35880854096730574
0.37445001209112216
0.33770422758914487
0.7562998974835871
0.3441603054914175
0.4703558943204162
0.3025973889624598
0.3077806339265748
0.46849681611382615
0.39192901248246853
0.24522409444605214
0.4008606313878238
0.29255450803380256
0.31966942006983856
0.30783621287526314
0.2919105834343255
0.7550548724370629
0.19749346024142625
0.7543907990960544
0.7548852915998118
0.7539462058175421
0.7541907028225153
0.7668563774043304
0.36930779127178226
0.763637798927528
0.7635361374011088
0.23209377924840924
0.7609647643636788
0.7537108557413683
0.7553264172697746
0.23871800191770196
0.18253449610816005
0.1908072307371021
0.1429485198127778
0.7610319925143026
0.7598377231001914
0.7531405555001381
0.7562057189321352
0.7658175452312324
0.23604833164808564
0.7566766381586228
0.7570563607616813
0.17467341398223601
0.7548554596487665
0.7549665508195569
0.7655899337476885
0.7590462924647803
0.40270148494735175
0.7555753096951736
0.7567443933978162
0.7648949130374236
0.7614018225029396
0.7603199580186608
0.7607671751798829
0.23533101695481506
0.13924426640066304
0.7548419306254175
0.754377160052936
0.75946929324588
0.2232012503084445
0.7594423929846422
0.7550560251406522
0.20182946228442827
0.7625339061774057
0.7628296888701378
0.7597815884469982
0.2600008041041626
0.7552882493278681
0.22373471117864024
0.754000392887229
0.7651627001300597
0.7656934001674225
0.7612082103843038
0.047707953441180596
0.7553891778163008
0.7515896048691484
0.7552943931297396
0.19931545824141844
0.7515948960762244
0.762624370253115
0.7593726323250684
0.21199471553634242
0.7525918067889968
0.7540239551424978
0.7517403446576811
0.7671021787453774
0.7635940237199846
0.7597572427108278
0.7604574293174685
0.7602857818015277
0.7555006480827136
0.7548175751482162
0.7548311125847198
0.19363430575242652
0.7649042238479611
0.7623390855140801
0.7602684396851255
0.15013450009093485
0.75433616215131
0.29667994705421646
0.21728547872378276
0.7531254106986773
0.7556355755854824
0.747496827349561
0.7554264000973108
0.7545805141995053
0.7629123471652808
0.15780935743683688
0.7593955892409573
0.758502277118173
0.7563161611045383
0.7569182882122565
0.7541528217186836
0.19018479176464842
0.7484478430164021
0.737770237831067
0.20912068610442705
0.766237908150572
0.7551173656229336
0.7583817397751854
0.15406963218202555
0.754532494694384
0.7657193914116487
0.7588252957593227
0.7541281992541679
0.7536484827254936
0.7589638860674676
0.7581298963552321
0.7494100854508174
0.7537987898538266
0.7531326611841614
0.7537958568338982
0.764107379333594
0.7617082202804745
0.7587739076541754
0.757146233171928
0.192335623876182
0.17658942478497763
0.1327147617408334
0.753000810851473
0.7522252370300437
0.3991747122384653
0.7533550540422074
0.7642401417893877
0.10174478208686918
0.34348356147133385
0.3369755339132129
0.7604841446147477
0.09655456018498249
0.7571895770953578
0.7583130331123786
0.23161711894818282
0.15551101188525882
0.14637604536134874
0.7634587858137524
0.7651049069387639
0.7582614747383967
0.7573031772119675
0.7539224149719957
0.18008948384096443
0.7618212169783011
0.13827941564524332
0.1863429504603737
0.19206031614522467
0.16467754740285087
0.24841659060081175
0.7641907275755292
0.75361128390406
0.7533826121231745
0.10083567275334973
0.7625515862929985
0.7587480847179924
0.7603213925480674
0.7570055991560279
0.7567852054490695
0.7564274961520936
0.7567258445265769
0.7516483447326996
0.7523484835708601
0.255867318771971
0.7526433500986153
0.7603799611800749
0.1518763774210704
0.7615309299204391
0.7591574919054318
0.23559281119565118
0.25200900512260194
0.7545625954185926
0.7518702160409624
0.7524868122992645
0.06010403309896645
0.13255013667581358
0.7643057585265476
0.7571884568472328
0.757498474442012
0.12659813497814087
0.14734453861506303
0.15252965432435858
0.7507516924909846
0.7502500132442408
0.13365680727748874
0.22564678881691744
0.1761849285496403
0.7538786675257417
0.7562373548910369
0.13798302099180912
0.750217468826777
0.7521738236834663
0.7524421595847964
0.21111507422481046
0.7572977374952858
0.1860061284326297
0.09596521606289667
0.1282794747500158
0.06927886199480936
0.765002264434632
0.7587516732615721
0.7541456363258155
0.21937582075491363
0.14242954561136897
0.7493856744202464
0.761694723857281
0.7574825396061562
0.7489077153597717
0.1691079316085281
0.7496096580875197
0.2166625019781046
0.540658611876775
0.13906795020917764
0.14213298285756046
0.7487847799078917
0.7503822404606993
0.7501424449261527
0.7455483184445025
0.7540479959849495
0.24485297422072347
0.01648984414052823
0.32432221822921187
0.27819125459076405
0.24456125576897306
0.25723669386410153
1.2497801107908388
0.18708775019040036
0.1857833433801679
0.17234091093807885
0.01648761105438078
0.1873697527908619
1.2500195707406394
0.18675644821590262
0.746798470834279
0.14860396509865448
0.13641949244715126
0.33904361141613854
0.20178829717528238
0.0164496676387213
0.10626081540432408
1.3345748385654133
0.22418357794653634
0.3195297200434805
0.2214874159578707
0.01644668743591691
0.21798901511236976
0.21999703304876006
0.2226173373658239
0.22593301837167346
0.17153459820181607
0.1475090602003076
0.015819959357135868
1.363860384166227
0.22487741974119066
0.30193073279673227
0.14620457642783166
0.14245246486940344
0.18136207492627757
0.16965284224864743
0.20758997783625405
0.6577091094061307
0.1422176632870859
0.14276746862852918
0.015402139814483249
0.13091626098835069
0.16013143883051745
0.2342810451568062
0.2004453607621843
0.7153087058854654
0.19960856888226666
0.16769327141237866
0.23352505021795444
0.7783779434571562
0.17922171086948976
0.01681048597793923
0.1582183766021011
0.15548987111858786
0.13566408104221997
0.11434708112888942
0.1273940391053367
0.016262920000161656
0.23744541607301842
0.221891625143496
0.12424470128649047
0.1220204240312536
0.8030574389690509
0.08298892865681004
0.45946708860548546
1.4188760199653068
0.10397028021860491
0.8494041716218143
0.19146435749871737
0.16669193312575264
0.15223622578006865
0.11262481392334002
0.046673601751635645
0.031870583052657955
0.029607578590349196
0.042392349660065186
0.15804946958791366
0.12128799160243965
0.15363981490887804
0.14422078290968288
0.15284784479637611
0.037982261800986745
0.14168878830755877
0.031450013916550404
0.1424193375061085
0.14120823827933604
0.03769593492397402
0.12479484175434284
0.12124976566589353
0.03971193774580486
1.1570271320973797
0.11979567730667895
0.11882465168933957
0.09932535412617437
0.08792945639421254
1.2816041058451368
1.166730992925218
0.09689168058873031
0.09649449778618994
0.09588755355441518
0.040997297403289515
0.04248592102703948
0.022746798850619265
0.037574624494435785
0.031788600377425896
0.09504943924040747
0.03544651939106342
0.05280466641044403
0.0380465112308268
0.04078115289772735
0.02846471803175457
0.029214394814423266
0.037143957480210085
0.026781009620622312
0.021353199929140254
0.0319421586892162
0.032822372432533546
0.030921064132678745
0.02665699943314269
0.032343028615606235
0.0366095412139242
0.0358562299755406
0.03218868990463552
0.03028483268659316
0.15340476987992493
0.05268492530117706
1.116257428962223
0.11877139371466784
0.10292204169645822
0.14617464466321223
0.05966641979363902
0.03552956197530993
0.040234578408837346
0.036324987762894216
0.029491347873441456
0.03031243477550257
0.03795636214526358
0.03950657770100519
0.030965157344102722
0.026481627395418643
0.04017573520928327
0.02562249684599457
0.02425290002895109
0.03376705853093004
0.026520881333725405
0.02428322157118982
0.026617692643957
0.0294228303243348
0.02498149051814095
0.018378948708871082
0.016713182956322147
0.024208827162816422
0.023802027392122643
0.019402233159653236
0.016226310025107413
0.03966117658163842
0.0261293311032141
0.038021993859809484
0.016240344422411814
0.024663897476866245
0.01982711866956319
0.031061452741067648
0.023691758919397073
0.03507926249779733
0.019536029367097356
0.021449321320136418
0.023304665467929524
0.02313565484493956
0.016244542926371747
0.023476509462917967
0.021331174209006393
0.018691957953996828
0.017251506096464485
0.01621921272680115
0.025569737285529588
0.02103904254411551
0.0199132906127476
0.02053663262803253
0.027501853237345223
0.02497767608696998
0.027415457538574006
0.024861412624213146
0.017041056879048305
0.016208000443305372
0.02942170545288132
0.01596343169657695
0.016230040481712272
0.01590037209042219
0.030542955742659462
0.01887641276949541
0.01614555049717584
0.019228869300871393
0.018712398103503287
0.01617446872889913
0.01615515856280644
0.020342073003387733