3.00108549774566
4.329378866038135
4.344813204593012
3.466701139256424
0.7591385230514506
0.7293091780781584
0.7012605115710058
0.6761122897997767
0.6530096912180556
0.589736593848657
0.5721505620070751
0.5390389476023959
0.5082504849875328
0.4944558695626895
0.4827062147927007
0.43661663013269275
0.4270026944400284
3.551793219074305
3.5156424084841253
4.264785356720671
0.8291121204159523
0.8262769255911268
0.8275974204735016
0.8303522256669437
1.1987805499981983
0.8671086526007069
0.9091833829725979
0.4260884898036898
0.6066886755745721
0.5519676687982988
0.8246935209558112
0.8617262934156892
0.8248676179709247
0.607314606177904
0.8224342184699074
0.8222898490583744
0.5743759193926984
0.8282134365557207
0.6285461853037763
0.15835045349532192
0.38177061121358935
0.49449171807033804
0.8264312426353556
0.398123618217399
0.8280345793316586
0.5705084557097131
0.8267186020777786
0.554724409490083
0.46897418879547353
0.3894937661718445
0.4064666040265409
0.36591764567802126
0.8243320674985967
0.3731648841534811
0.5083470817178861
0.32723254373711896
0.333075006572693
0.5084009429990979
0.4252588654065713
0.26594664598202405
0.4350313026531457
0.31630993337202945
0.3456382443592642
0.3335084687512689
0.3162737314125479
0.8254768627675545
0.21290270521799606
0.8260630027951531
0.8231745926058779
0.8225652888124106
0.8223596875612678
0.8310956305259184
0.39891975513986533
0.8274940265689512
0.8265550979886284
0.2512792211145073
0.8266743372286981
0.822208047911184
0.8235975421694378
0.25810815519259805
0.19678061513978498
0.2056725238536316
0.1540648739423462
0.819989972694881
0.824077149119892
0.8208982402804063
0.8206150602718045
0.8293977889241178
0.25488771237415325
0.8254338563160377
0.8265028657113321
0.18940518102213974
0.8211193600829342
0.8218769481134595
0.8263536501374598
0.8259901808320494
0.43513995848629744
0.8221405535841518
0.8216056683485289
0.8256958483848591
0.82565679962314
0.8263525098569009
0.8264214220327162
0.2540617570835676
0.15028889076152954
0.8234500321222394
0.8239316117144245
0.8248722529555965
0.2410430090675739
0.8238706346346006
0.8222185730414281
0.21760591165470317
0.826869029748675
0.8280055427024393
0.8242248499448926
0.2812721769625322
0.8225586755665849
0.2413280693704846
0.8216733111407075
0.8289272183260644
0.8285565253868635
0.8255251783949228
0.05138721980725785
0.823938583728898
0.8197136684496251
0.8205012927210922
0.21464541360998382
0.820060510455617
0.8250247586220683
0.822669095787385
0.22859534037507007
0.8205135179778892
0.8197637961908337
0.8188104921637279
0.8279389851480797
0.8245338993017044
0.8234499100845237
0.8227234309257
0.8236627997224334
0.8207786807217723
0.820223533096564
0.8202797990810574
0.20817566286152372
0.8245651052470503
0.8245127767334061
0.8242736020520615
0.1620015313037698
0.8219611264076615
0.3273166319652216
0.23511276526841948
0.8209730322143504
0.8202673850442965
0.8232133771057958
0.8204954364673959
0.8213128806788971
0.8231199105213051
0.17226661694011788
0.8233273828150838
0.8237483220520478
0.8237414618733144
0.8238720736410587
0.8215842438598331
0.20565560591221443
0.8203569214105905
0.8220805305841781
0.22548788829611283
0.8272027537832886
0.8236386907312333
0.822019679207568
0.16635195250702986
0.8199042346490003
0.8296919377570863
0.8221182354454488
0.8199431721047176
0.8207705771587633
0.822577877344358
0.8233479627373377
0.8205352171873356
0.8191771104833309
0.819674254867608
0.8130584471878647
0.8252210786817593
0.8228782584227305
0.8249764430000526
0.822890777311236
0.20772189031388277
0.19045727850195843
0.14288904279487474
0.8176569792944062
0.8204862445207387
0.4345047959445098
0.8200218617526467
0.827560843390402
0.10976221548664247
0.3722251668586699
0.3637551557414316
0.8250559076691425
0.104387333759122
0.823559172474781
0.8254549450364866
0.24995889244853664
0.16778302382298907
0.15742917551815716
0.828006874792741
0.8223838407782497
0.8178003209648882
0.8187985616598517
0.8140383127953
0.1937100205782872
0.8209726931735124
0.14844505596380647
0.20035069325381807
0.20723686007220785
0.17722074544045435
0.2674053898147927
0.8257011062109225
0.8190143860502275
0.8140470267968437
0.10848245814291745
0.8245431529593081
0.824371971677813
0.8193392356924848
0.8192391095232932
0.8187321897210722
0.8213575898700107
0.8222990612310863
0.818033318689635
0.8172736119992965
0.2763708502404959
0.8187873595970622
0.8202239273613723
0.16329865125406587
0.8205164715780768
0.821854204573368
0.2531869356727893
0.271571062992791
0.8144325394910212
0.8153670213549583
0.8162383082683322
0.0646566398616676
0.14271830954412296
0.8253188381769656
0.8220473149433246
0.8180983600157304
0.1362695679072685
0.15883457484121827
0.16430251272028637
0.8188114147243362
0.8184316992872493
0.14395694392248753
0.24337706783497126
0.19006500081306688
0.8191260111362871
0.8201157768148252
0.14868193274164054
0.8189496222511999
0.8189251773838093
0.8142096427129528
0.22798912953598743
0.8154546332535894
0.20028491839647863
0.10323573102085461
0.1383102953336472
0.07466833134737191
0.8266001447805508
0.8242154343475572
0.81878693728867
0.23668292274907873
0.15328591143231513
0.8158822944067213
0.8249803829215768
0.8208295364127925
0.8164478834336433
0.18250746286453176
0.8164001059235406
0.23298158958685414
0.5862682640582387
0.14955567277433093
0.1532619223443655
0.8165046926060656
0.81521477327191
0.8164571358230172
0.817022621188082
0.82002028085401
0.2668818855530753
0.017824747596520186
0.35162584845910433
0.29993568082798
0.2647806346366293
0.27839370258221696
1.391132040985374
0.20267654478890054
0.2009716691223587
0.18684490655443142
0.017785116427438595
0.20292350526075872
1.3889478920548208
0.20256432745351616
0.819099944175282
0.16055204482029728
0.15123826287636613
0.36812008690950654
0.21957205664178328
0.017743322256540833
0.11629094611474383
1.536368109132889
0.24337331907402562
0.3484499716616217
0.2398571885099244
0.0177872367469371
0.24033196032773663
0.23871193075755454
0.2405090923718229
0.2446368411433074
0.18598527696764444
0.15931441224658444
0.017124704476921715
1.5371056932209937
0.24338283655466347
0.3270791356495132
0.16166764942525386
0.15443114014588055
0.19670908188643024
0.1830123076088925
0.22501298958276017
0.722613596544439
0.15370738329726794
0.1535549754592321
0.016499840183998127
0.14076042029658062
0.1722468550136581
0.2512168244619952
0.21766819764674772
0.7840076046564006
0.216412144777541
0.18166882553490024
0.25347049526519977
0.8572038466986813
0.19354727296131322
0.018146670863420537
0.17144089093577508
0.1679115895829204
0.1462985323680858
0.1239326583454809
0.13772816638491023
0.01769848553356833
0.2589983985851195
0.2588437547265947
0.1343763915511653
0.13247315967334397
0.9072169683442979
0.10444926851340386
0.5099716740126411
1.6032771907238559
0.1183322120195679
0.94129899542808
0.20777058708744559
0.18019575636636806
0.16526724989674677
0.12207679850151881
0.05105997561438966
0.03457963731421107
0.031967435182016904
0.04577458887513309
0.17193736814435667
0.13166197398050786
0.16691024565924878
0.15660336921405413
0.16687200386508733
0.041190038781064406
0.15454881569571474
0.03404519907191289
0.1541321087936816
0.1528578079016605
0.04078664967805761
0.13525777972512995
0.13136828064875009
0.0429194233544971
1.2773503903075178
0.12948783726139307
0.12853053677616955
0.10753297870193305
0.09500138313273802
1.421869365991127
1.3038540742706108
0.10483909348378663
0.10445178769876996
0.10408290981592552
0.04433556315663439
0.04592052130411612
0.02456090369257744
0.04058335286559112
0.03434627618691828
0.10273061837005472
0.038309261005527014
0.057097083396689535
0.041306247533912197
0.04408070122420176
0.03086810582940235
0.03156917110924396
0.04019606839367474
0.028883124808603625
0.023081893922560253
0.034608868510247956
0.03545892127811498
0.033445756226124654
0.028882519437861052
0.03494442388243448
0.03976566106908439
0.03877795092700943
0.03471890114590019
0.03286943387184703
0.1663166545163742
0.05684782812206355
1.2528012165949285
0.1290396390485118
0.1114024262400231
0.15958893890404663
0.06463896672717663
0.038494502571490403
0.04379005449006311
0.039643012199814726
0.03191824576248463
0.03268906306281236
0.041274782502940505
0.04264710199767508
0.033486511304803845
0.028565232478674128
0.043482481407921623
0.027660089763120562
0.026263539343320076
0.036483366173246275
0.02855040344905118
0.02616646572928789
0.028702906209853333
0.03165670886970224
0.026844081801725775
0.019708199478920194
0.017900009662816782
0.026023971268206523
0.025518568311198295
0.020782051385711462
0.017421503008370635
0.042581359421075896
0.028204429709231846
0.040848557830065114
0.017425252635030627
0.02655348458701612
0.0212462908644521
0.03330450894908901
0.025415747945582864
0.037724908225389174
0.020943403902707887
0.022947541303005428
0.025025151891144376
0.024788125535814606
0.01740054136314354
0.02514263360161487
0.022897634794298415
0.020089192841330657
0.018496021819181637
0.017386248821558415
0.02744603683296226
0.02254938133186896
0.021303935152632392
0.022021360361776102
0.029414268427572804
0.026663997975193955
0.029397552102276257
0.026535218215134437
0.018201678677437556
0.01731091300703725
0.0315978427127479
0.017149898152978776
0.01737322238346323
0.01701591155296505
0.032615217167660596
0.020200430825170486
0.017313252772378177
0.020585275343397394
0.02001939446542662
0.017363819557360303
0.01729286367087146
0.02181653207009889