4.244969300464532
4.782957444731398
5.531018631672389
3.265162795581816
1.0039695092096277
0.9419831647171067
0.908325602193456
0.8793654815301836
0.8584703856394905
0.7716629018237612
0.7542264799570318
0.7088226208382148
0.6740483238405137
0.658536630541373
0.6443304965413336
0.5862010044419825
0.5767005918974468
4.566551512564804
4.0452114127406125
3.7772766620984637
1.1199727770746655
1.051745533767151
1.0515718954685682
1.1197433019694087
1.4602655846142543
1.2079324780054042
1.2229100430658952
0.598541440146388
0.7975424272553395
0.7296084587394241
1.0510933645021492
1.0936770276324517
1.0519016198430595
0.7989671968737936
1.0612082163638246
1.051171844232492
0.8163004667627546
1.1701342287949739
0.9013249089343903
0.22479679803748237
0.5353801758815476
0.7014033690094507
1.1156969193841382
0.5514659321551887
1.1141672802147677
0.8024369649520695
1.1167479204253299
0.7626901721960182
0.6481840252352522
0.5225622646573341
0.5483957312647255
0.4921567614536593
1.0468904409594029
0.5033412267714142
0.7288610474436757
0.46540897915129437
0.4708544791250086
0.6964763215045269
0.5678690527815168
0.36427168432129825
0.5866244037028847
0.4500494020737479
0.4805933818138234
0.46510368668033875
0.4420663952641998
1.0486211480558354
0.29544219940977673
1.0507637105681316
1.057167592767298
1.0478507440242912
1.0496476287261387
1.1994796483053984
0.5660087754732008
1.1476076795098342
1.1497913954664238
0.35254106971391774
1.1193176353396725
1.052297614936726
1.0491562407768815
0.3545285753838693
0.27342109471284826
0.29088826856622335
0.21777131815411913
1.127097194040175
1.1179364685740694
1.090811430299499
1.0492661055966075
1.1762385244583715
0.36339527206273514
1.1131444296420767
1.1162615201665056
0.26612509366063614
1.0462258701840812
1.0450897276343547
1.166070675035423
1.113188560082894
0.610231056475376
1.0474602625132658
1.0442140649550888
1.1501404213517612
1.1150413823643435
1.117768554416392
1.1308244490103199
0.34936013875563954
0.21379846318817927
1.04464664326438
1.053424141831434
1.1132659399009441
0.3401637259652167
1.1287887326710713
1.050553852294614
0.3013240555114355
1.1613640570291495
1.1511296306816112
1.1165591380746285
0.3853615068237963
1.0484807070288655
0.3455629790790476
1.0474430961852599
1.1759190636129933
1.1664883769984953
1.1498765288253618
0.07351743501427327
1.1281909549394484
1.1220486483954561
1.053786356077862
0.29750944778057786
1.0472443674248446
1.1476269024015338
1.12788941733538
0.31793531556677224
1.047604032160521
1.0476980126950801
1.0488105607462281
1.1812040084610385
1.1489682989726044
1.113648398720821
1.110559372624445
1.1055943965794364
1.0879445925129874
1.0496720174972385
1.1014606315225814
0.29528767682712875
1.162737591845653
1.1443723919008388
1.1473491750554852
0.22878833139303015
1.0419603899761527
0.45611326593992263
0.31359009829909934
1.044493779664603
1.0810425540814144
1.056042941374706
1.0007622720970375
1.04104545940554
1.1358646901090415
0.24479741581622588
1.1454173892425275
1.1566401530444725
1.113790380247394
1.131595723595166
1.0444287895062685
0.28497029664105333
1.04147677357294
1.0449792833554488
0.31146113078320875
1.1754319494345171
1.143612021852732
1.125570316539472
0.23545511758418786
1.0602033872144234
1.173938272630009
1.1354309021794153
1.044617605209248
1.042604389686582
1.1164189710509498
1.1245965382971863
1.0446780491100318
1.0584598734910058
1.0536141358568545
1.0500335039271582
1.1681942291995056
1.1497795807306017
1.1118199633304435
1.111959323305873
0.28991703309740624
0.26576835073880983
0.20247733477761765
1.0427146322273837
1.045784266644907
0.5820737311858297
1.046328241703639
1.1794138362514515
0.15707698741470663
0.5055184161693033
0.50401558647458
1.2064997964345459
0.14969890425462284
1.1426390801294923
1.1417724588889773
0.35262321042382677
0.23691770684956076
0.23108861905364683
1.300658970999892
1.1745098091977741
1.1282482269487448
1.1578999116959123
1.062115575530187
0.2739230118506209
1.1677671258575495
0.21385716894044726
0.2872798734751959
0.29544070300325764
0.25667932843063757
0.4082005180092042
1.221029032221543
1.1564662162664878
1.1957604700492634
0.17199298546347755
1.2878820282395416
1.1865560516969882
1.1970207502448753
1.1456327783189721
1.1231827752829966
1.1273497770494108
1.1244333435885925
1.0624476064629984
1.0609261291751755
0.3883571596596179
1.0614989578338896
1.179601571619392
0.23767203129222889
1.1707560614092796
1.1245056666866642
0.3633687550814567
0.38222359214732116
1.0641845232688794
1.0673837392802294
1.064299697658279
0.09370415232541512
0.20423613052053352
1.2026397358617222
1.130843413884317
1.129072258419757
0.19523564835085636
0.22630781361177654
0.23490932390797883
1.0604407035303307
1.0608292197874871
0.2092321232392393
0.3472427574825283
0.27099876694180464
1.1282508113916239
1.1240757462159987
0.2136011971851119
1.0608138091621429
1.0614402578854754
1.0606999453934174
0.32269102539654415
1.1428881721746664
0.2833331453666924
0.14867401812758313
0.19888442117944347
0.10755012907668306
1.2019729149508407
1.1650123390800553
1.1231027890703245
0.3360184361330611
0.21886398632761483
1.074883672925749
1.196065041588782
1.1823697354596299
1.0621486709406331
0.25889912023887607
1.0655111594495374
0.32908319757829113
0.8363165864291479
0.2179273215472318
0.2023088430072675
1.1096727204174461
1.1119887113091158
1.0615378414671193
1.0527032753394887
1.1616021688592588
0.3777771979266549
0.025849286785931003
0.4920676387858025
0.41561060218112433
0.3696377904465642
0.4017682484524222
1.6542445000215258
0.28609695150821635
0.2915337359999628
0.2710108211544068
0.026164793110906623
0.2878268583072574
1.610120180915216
0.2808634161272796
1.0428035932969173
0.22739300142718633
0.21220574979836515
0.5067821212555426
0.3081356253146953
0.025417221447385684
0.1676998040329272
1.72917335862523
0.3387285008590113
0.4852611900835165
0.33374280927264866
0.02592645285436816
0.3344253769999207
0.34289624918049966
0.34568722612630426
0.3519287971436197
0.2644385954119444
0.22689365295619063
0.024653286671632815
2.0529637672911343
0.3472817045069159
0.45956888739993473
0.22830051903331267
0.2211106779164441
0.27784992848172485
0.25926702822982034
0.31452226917167153
1.0115431484964186
0.2241006911768338
0.22119191861398435
0.023760665839376156
0.2040317112998062
0.24600835071538285
0.36627744830927755
0.31221865475651983
1.003269707737362
0.3034490962623342
0.2557225956022565
0.35166934962974294
1.1119284675742165
0.2702034136883747
0.026151487371937045
0.24478691947883494
0.23890095916576395
0.20999817582314317
0.17572392124769703
0.19396575136934668
0.025378368973455478
0.35792989307556805
0.3658745844408272
0.19720729177532817
0.18859276865587396
1.193677332233813
0.148733884836175
0.67858163854359
1.818351458482572
0.16655102381979492
1.286090056670081
0.2945873970887067
0.25119725394643566
0.23260725055970788
0.17307862483078648
0.0734417573685877
0.049833721184422766
0.04596933573861856
0.06554347363618611
0.24597090518845519
0.1878973117816975
0.23751603241555544
0.22183208328430712
0.23521124627128026
0.05901693524372631
0.2203232594015824
0.04877623423557481
0.21631598162619115
0.21615575109101237
0.05809208519535569
0.18914206028715916
0.1839050632889495
0.06131616315015899
1.7855554090922428
0.1835368271499879
0.1826841636105252
0.1520504351379704
0.13558551932889756
1.9624543607773155
1.8180104562023105
0.15028935495972173
0.14754444138371084
0.14647277868504485
0.06328227099446797
0.06541068940788922
0.03517445829730646
0.05800606778287552
0.04851147739359163
0.14477291648742105
0.054504486503190244
0.08160971859467545
0.058729970748369505
0.06290656893923105
0.04410155078046272
0.04497795649151887
0.05723726512599633
0.04138726252499237
0.033758358054606044
0.04925726857331589
0.05003948233065251
0.04745810779910039
0.04203460815098867
0.04999884142431085
0.05623692352075642
0.05527234752780367
0.049475720457306666
0.04675525288194868
0.23900454251385608
0.08519374531336811
1.7622357386144476
0.19127377153569886
0.1729937858348058
0.2200256632592824
0.09098838341806804
0.05975031722265074
0.06334800360019661
0.05560941066525705
0.04566065046132238
0.04636179753419432
0.05843614097998144
0.06064476497297094
0.047479330364930086
0.040646554974503424
0.06150378151234666
0.039354985602939034
0.03746778566269282
0.05212615332418502
0.04068147632947596
0.037292945485917994
0.04079970303064733
0.04511951503791138
0.03799133560430495
0.027993814640470568
0.025357002622851406
0.037379287888045926
0.036548053728223104
0.029564761734056925
0.0251245085758105
0.062493277418189844
0.04030850183922388
0.0588312307109623
0.02480424066538307
0.03773455520911022
0.030272727273701235
0.047299701532809074
0.03616460554281906
0.05355912568025431
0.029899053427605272
0.03277184396687732
0.03548136961087126
0.03511709372178021
0.024774410465293915
0.035762780809244936
0.032554350700171764
0.028655970269296935
0.026379089405455216
0.0247486293884334
0.03900665308542277
0.032120502150995336
0.030272133321457277
0.03130367549459047
0.04277041463834425
0.03875369211591123
0.042654252954952114
0.03854461732356444
0.02637493634047765
0.025182886815272042
0.04570720636674389
0.024940446065367904
0.02519386675929472
0.024641143841152874
0.047164318824884234
0.029243547003356227
0.025080081050466104
0.029844659212375307
0.029083478316657887
0.02519757333848084
0.02511619514011577
0.03169543122695098